001
0
002
0
003
0
004
0
005
0
006
0
007
0
008
0
009
0
010
0
011
0
012
0
013
0
014
0
015
0
016
0
017
0
018
0
019
0
020
0
021
0
022
0
023
0
024
0
025
0
026
0
027
0
028
0
029
0
030
0
031
0
032
0
033
0
034
0
035
0
036
0
037
0
038
0
039
0
040
0
041
0
042
0
043
0
044
0
045
0
046
0
047
0
048
0
049
0
050
0
051
0
052
0
053
0
054
1
055
1
056
1
057
1
058
1
059
1
060
1
061
1
062
1
063
1
064
1
065
1
066
1
067
1
068
1
069
1
070
1
071
1
072
1
073
1
074
1
075
1
076
1
077
1
078
1
079
3
080
3
081
3
082
3
083
3
084
3
085
3
086
3
087
3
088
3
089
3
090
3
091
4
092
4
093
4
094
4
095
4
096
4
097
4
098
4
099
4
100
4
101
4
102
2
103
2
104
2
105
2
106
2
107
2
108
2
109
2
110
2
111
2
112
2
113
2
114
2
115
2
