001
2
002
2
003
2
004
2
005
2
006
2
007
2
008
2
009
0
010
0
011
0
012
0
013
0
014
0
015
0
016
0
017
1
018
1
019
1
020
1
021
1
022
1
023
1
024
1
025
1
026
3
027
3
028
3
029
3
030
3
031
3
032
3
033
3
034
3
035
3
036
3
037
3
038
3
054
4
055
4
056
4
057
4
058
4
059
4
060
4
061
2
062
4
063
4
064
4
065
4
066
4
116
2
117
2
118
2
119
2
120
2
121
2
122
2
123
2
124
2
125
2
126
2
127
2
128
2
129
0
130
0
131
0
132
0
133
0
134
0
135
0
136
0
137
0
138
0
139
0
140
1
141
1
142
1
143
1
144
1
145
1
146
1
147
1
148
1
149
1
150
1
151
1
152
1
153
3
154
3
155
3
156
3
157
3
158
3
159
3
160
3
161
3
162
3
163
3
164
3
165
3
166
3
185
4
186
4
187
4
188
4
189
4
190
4
191
4
192
4
193
4
194
4
195
4
348
0
349
0
350
0
351
0
352
0
353
0
354
0
355
0
356
0
357
0
358
0
393
3
394
3
395
3
396
3
397
3
398
3
399
3
400
3
401
3
402
3
403
3
404
3
405
2
406
2
407
2
408
2
409
2
410
2
411
2
412
2
413
2
414
2
415
2
416
1
417
1
418
1
419
1
420
1
421
1
422
1
423
1
424
1
425
1
426
1
427
1
428
1
446
4
447
4
448
4
449
4
450
4
451
4
452
4
453
4
454
4
455
4
456
4
457
4
478
0
479
0
480
0
481
0
482
0
483
0
484
0
485
0
486
0
487
0
488
0
489
0
490
0
491
2
492
2
493
2
494
2
495
2
496
2
497
2
498
2
499
2
500
2
501
2
502
2
503
2
504
2
505
2
506
2
